0.0 0.0
0.09775171065493646 425.3870057955954
0.19550342130987292 829.8103311819452
0.29325513196480935 1212.9800314518056
0.39100684261974583 1575.078943519494
0.4887585532746823 1916.659930228707
0.5865102639296187 2238.5416689139856
0.6842619745845552 2541.716140225368
0.7820136852394917 2827.2720667069316
0.8797653958944281 3096.3367900719286
0.9775171065493646 3350.0338496928584
1.075268817204301 3589.4539394494886
1.1730205278592374 3815.637042695249
1.270772238514174 4029.561329721803
1.3685239491691104 4232.138097338236
1.466275659824047 4424.211010818619
1.5640273704789833 4606.557396794417
1.6617790811339197 4779.890528108868
1.7595307917888563 4944.864027004411
1.8572825024437927 5102.0763837331915
1.9550342130987293 5252.073929050729
2.0527859237536656 5395.357102911934
2.150537634408602 5532.383197350352
2.2482893450635384 5663.570125834137
2.3460410557184748 5789.301484592871
2.4437927663734116 5909.928100490201
2.541544477028348 6025.772743449049
2.6392961876832843 6137.130982235501
2.7370478983382207 6244.275074782696
2.834799608993157 6347.455734623661
2.932551319648094 6446.904167060936
3.0303030303030303 6542.83437702219
3.1280547409579667 6635.443476921361
3.225806451612903 6724.91330781819
3.3235581622678394 6811.415140241837
3.421309872922776 6895.104016881085
3.5190615835777126 6976.1278387674065
3.616813294232649 7054.622223309851
3.7145650048875853 7130.712744625785
3.8123167155425217 7204.518201857049
3.9100684261974585 7276.149667672809
4.007820136852395 7345.709896140481
4.105571847507331 7413.2952989638325
4.203323558162268 7478.996324671459
4.301075268817204 7542.89784765818
4.39882697947214 7605.079572005522
4.496578690127077 7665.616450291333
4.594330400782013 7724.579119869804
4.6920821114369495 7782.034361300296
4.789833822091887 7838.04496625118
4.887585532746823 7892.668407942913
4.9853372434017595 7945.96052123564
5.083088954056696 7997.975049335412
5.180840664711632 8048.76361764582
5.278592375366569 8098.369953227808
5.376344086021505 8146.839099702774
5.474095796676441 8194.217260452027
5.571847507331378 8240.540590771929
5.669599217986314 8285.847518716297
5.767350928641251 8330.17904284708
5.865102639296188 8373.562489587066
5.962854349951124 8416.037492992287
6.0606060606060606 8457.63041119203
6.158357771260997 8498.37348481175
6.256109481915933 8538.295412419584
6.35386119257087 8577.42116577315
6.451612903225806 8615.779823941846
6.549364613880742 8653.392834178412
6.647116324535679 8690.286288078703
6.744868035190615 8726.48228926526
6.842619745845552 8761.999923581798
6.940371456500489 8796.86577885693
7.038123167155425 8831.090563193851
7.135874877810362 8864.70465398456
7.233626588465298 8897.715110685469
7.331378299120234 8930.147643593222
7.429130009775171 8962.017268726535
7.526881720430107 8993.33327976451
7.624633431085043 9024.123107817653
7.72238514173998 9054.392296151727
7.820136852394917 9084.155597105531
7.9178885630498534 9113.435104739341
8.01564027370479 9142.233760974681
8.113391984359726 9170.567756682058
8.211143695014663 9198.455904623534
8.308895405669599 9225.900581791537
8.406647116324535 9252.911778555228
8.504398826979472 9279.510151888477
8.602150537634408 9305.706440537542
8.699902248289344 9331.509472882157
8.79765395894428 9356.922229635802
8.895405669599217 9381.954382341632
8.993157380254154 9406.616391315707
9.09090909090909 9430.919178750655
9.188660801564026 9454.874872652537
9.286412512218963 9478.494570270093
9.384164222873899 9501.778997794747
9.481915933528837 9524.73194997717
9.579667644183774 9547.365279255317
9.67741935483871 9569.689744856933
9.775171065493646 9591.711068998631
9.872922776148583 9613.433426719248
9.970674486803519 9634.86526461643
10.068426197458455 9656.013944293527
10.166177908113392 9676.883242489472
10.263929618768328 9697.480063667505
10.361681329423265 9717.812095929561
10.459433040078201 9737.882782501987
10.557184750733137 9757.697284285296
10.654936461388074 9777.263679717564
10.75268817204301 9796.585360512761
10.850439882697946 9815.665972990015
10.948191593352883 9834.513272963315
11.04594330400782 9853.131222565238
11.143695014662756 9871.522652397296
11.241446725317692 9889.693384309738
11.339198435972628 9907.648986231321
11.436950146627565 9925.392016367427
11.534701857282503 9942.925776187905
11.63245356793744 9960.256910865224
11.730205278592376 9977.388410640833
11.827956989247312 9994.32260771472
11.925708699902248 10011.064013353369
12.023460410557185 10027.617787189754
12.121212121212121 10043.9860517636
12.218963831867057 10060.171050636607
12.316715542521994 10076.178130908806
12.41446725317693 10092.010684274717
12.512218963831867 10107.670625642802
12.609970674486803 10123.160293647781
12.70772238514174 10138.48491915499
12.805474095796676 10153.646987517555
12.903225806451612 10168.648239281929
13.000977517106548 10183.490998496449
13.098729227761485 10198.18010769594
13.196480938416421 10212.717626380201
13.294232649071358 10227.105135029005
13.391984359726294 10241.344728837452
13.48973607038123 10255.440887667164
13.587487781036168 10269.39552112297
13.685239491691105 10283.210063025
13.782991202346041 10296.886220896618
13.880742913000978 10310.4280972413
13.978494623655914 10323.837702542525
14.07624633431085 10337.11633639669
14.173998044965787 10350.26533931927
14.271749755620723 10363.288119185343
14.36950146627566 10376.187152347848
14.467253176930596 10388.96361562542
14.565004887585532 10401.61869488903
14.662756598240469 10414.154532007824
14.760508308895405 10426.574404636493
14.858260019550341 10438.879461445533
14.956011730205278 10451.07077560747
15.053763440860214 10463.149550003736
15.15151515151515 10475.118942798437
15.249266862170087 10486.980689604723
15.347018572825023 10498.735760581345
15.44477028347996 10510.385132874211
15.542521994134896 10521.930420961557
15.640273704789834 10533.374555722241
15.73802541544477 10544.718562393622
15.835777126099707 10555.963323859516
15.933528836754643 10567.109728787273
16.03128054740958 10578.15979418175
16.129032258064516 10589.115803716917
16.226783968719452 10599.978559905661
16.32453567937439 10610.74886527693
16.422287390029325 10621.427531374971
16.52003910068426 10632.01670359659
16.617790811339198 10642.518196097817
16.715542521994134 10652.932732506242
16.81329423264907 10663.261041592963
16.911045943304007 10673.503858823024
17.008797653958943 10683.66314153776
17.10654936461388 10693.740589963696
17.204301075268816 10703.736860719606
17.302052785923753 10713.65261500667
17.39980449657869 10723.488517875434
17.497556207233625 10733.246074201223
17.59530791788856 10742.92715736474
17.693059628543498 10752.532374755863
17.790811339198434 10762.062325745728
17.88856304985337 10771.517613240323
17.986314760508307 10780.899190876855
18.084066471163244 10790.209092482091
18.18181818181818 10799.448020287648
18.279569892473116 10808.616517117396
18.377321603128053 10817.715129110105
18.47507331378299 10826.74442534882
18.572825024437925 10835.706096466478
18.67057673509286 10844.601307340043
18.768328445747798 10853.430549081317
18.866080156402738 10862.19431596577
18.963831867057674 10870.893104966415
19.06158357771261 10879.527671907183
19.159335288367547 10888.099773550735
19.257086999022484 10896.610030877957
19.35483870967742 10905.058890758932
19.452590420332356 10913.446802710112
19.550342130987293 10921.77421850199
19.64809384164223 10930.042088295086
19.745845552297165 10938.251898568176
19.843597262952102 10946.404088390227
19.941348973607038 10954.499063892548
20.039100684261975 10962.537233476556
20.13685239491691 10970.519007480216
20.234604105571847 10978.445359392797
20.332355816226784 10986.317583437252
20.43010752688172 10994.136058704149
20.527859237536656 11001.901153920444
20.625610948191593 11009.61323980997
20.72336265884653 11017.272688807152
20.821114369501466 11024.880300238368
20.918866080156402 11032.437352870484
21.01661779081134 11039.944211821336
21.114369501466275 11047.401211538718
21.21212121212121 11054.808688269533
21.309872922776147 11062.166979811842
21.407624633431084 11069.476604687208
21.50537634408602 11076.738858083407
21.603128054740957 11083.954188080583
21.700879765395893 11091.122897745305
21.79863147605083 11098.24529180078
21.896383186705766 11105.32167641028
21.994134897360702 11112.352364192722
22.09188660801564 11119.338365150961
22.189638318670575 11126.280456485665
22.28739002932551 11133.178912549207
22.385141739980448 11140.034009248677
22.482893450635384 11146.846023855194
22.58064516129032 11153.615234822642
22.678396871945257 11160.34205054677
22.776148582600193 11167.027584162635
22.87390029325513 11173.672238727575
22.97165200391007 11180.276263803678
23.069403714565006 11186.839910266359
23.167155425219942 11193.36343014332
23.26490713587488 11199.847076461274
23.362658846529815 11206.291344058467
23.46041055718475 11212.697227219393
23.558162267839688 11219.065006443143
23.655913978494624 11225.394908475737
23.75366568914956 11231.687161199947
23.851417399804497 11237.941993497954
23.949169110459433 11244.159635120472
24.04692082111437 11250.340546684896
24.144672531769306 11256.48564643524
24.242424242424242 11262.595187793368
24.34017595307918 11268.66937656111
24.437927663734115 11274.708419547997
24.53567937438905 11280.712524453042
24.633431085043988 11286.681899751928
24.731182795698924 11292.61686760666
24.82893450635386 11298.518313995919
24.926686217008797 11304.386541088219
25.024437927663733 11310.22173549119
25.12218963831867 11316.024084726032
25.219941348973606 11321.793777124854
25.317693059628542 11327.531001732581
25.41544477028348 11333.235953063482
25.513196480938415 11338.90932575542
25.61094819159335 11344.55163241396
25.708699902248288 11350.163042072598
25.806451612903224 11355.743724609954
25.90420332355816 11361.293850659888
26.001955034213097 11366.813591525488
26.099706744868033 11372.303119096794
26.19745845552297 11377.762708248267
26.295210166177906 11383.193120072483
26.392961876832842 11388.5946046215
26.49071358748778 11393.96731563969
26.588465298142715 11399.311407587687
26.68621700879765 11404.627035566402
26.783968719452588 11409.914355244215
26.881720430107524 11415.173522787254
26.97947214076246 11420.404873687537
27.077223851417397 11425.609082707699
27.174975562072337 11430.786323453207
27.272727272727273 11435.936735600098
27.37047898338221 11441.060459446213
27.468230694037146 11446.15763584632
27.565982404692082 11451.228406149898
27.66373411534702 11456.272912141461
27.761485826001955 11461.291447744896
27.85923753665689 11466.284646891874
27.956989247311828 11471.252675201493
28.054740957966764 11476.195659437148
28.1524926686217 11481.113726914826
28.250244379276637 11486.00700544722
28.347996089931573 11490.875623290041
28.44574780058651 11495.719709090501
28.543499511241446 11500.53944472975
28.641251221896383 11505.33543223657
28.73900293255132 11510.107901024461
28.836754643206255 11514.856966023503
28.93450635386119 11519.582742665736
29.032258064516128 11524.28534683659
29.130009775171064 11528.964894828165
29.227761485826 11533.621503294356
29.325513196480937 11538.255289207711
29.423264907135874 11542.866620258885
29.52101661779081 11547.455951675815
29.618768328445746 11552.023389754913
29.716520039100683 11556.569039056481
29.81427174975562 11561.093004563265
29.912023460410555 11565.595391639481
30.009775171065492 11570.076305991402
30.10752688172043 11574.535853629415
30.205278592375365 11578.974150469494
30.3030303030303 11583.391665517698
30.400782013685237 11587.788680676545
30.498533724340174 11592.165290562269
30.59628543499511 11596.521590191673
30.694037145650046 11600.857674945906
30.791788856304983 11605.17364053557
30.88954056695992 11609.4695829671
30.987292277614856 11613.745598510406
31.085043988269792 11618.001795255015
31.18279569892473 11622.238615687638
31.28054740957967 11626.456309627803
31.378299120234605 11630.654962979626
31.47605083088954 11634.834662000267
31.573802541544477 11638.995493268818
31.671554252199414 11643.137543656312
31.76930596285435 11647.260900296798
31.867057673509287 11651.365650559452
31.964809384164223 11655.451882021698
32.06256109481916 11659.519916888785
32.16031280547409 11663.57008693263
32.25806451612903 11667.602470135276
32.355816226783965 11671.617144727272
32.453567937438905 11675.614189230211
32.55131964809384 11679.59368243071
32.64907135874878 11683.55570335531
32.74682306940371 11687.500331246234
32.84457478005865 11691.427645538004
32.94232649071358 11695.33778171412
33.04007820136852 11699.231156380349
33.137829912023456 11703.107898108714
33.235581622678396 11706.968077781878
33.33333333333333 11710.811766551129
33.43108504398827 11714.63903581362
33.52883675464321 11718.449957190398
33.62658846529814 11722.244602505156
33.72434017595308 11726.023043763726
33.822091886608014 11729.785353134264
33.919843597262954 11733.531719349197
34.01759530791789 11737.262502474807
34.11534701857283 11740.977780766998
34.21309872922776 11744.677618637033
34.3108504398827 11748.362080728542
34.40860215053763 11752.031231898134
34.50635386119257 11755.68513719664
34.604105571847505 11759.323861850975
34.701857282502445 11762.947471246605
34.79960899315738 11766.55603091059
34.89736070381232 11770.149706976266
34.99511241446725 11773.728838683905
35.09286412512219 11777.293500449783
35.19061583577712 11780.843750743634
35.28836754643206 11784.379648240953
35.386119257086996 11787.901251806306
35.483870967741936 11791.408620477185
35.58162267839687 11794.901813448369
35.67937438905181 11798.380890056798
35.77712609970674 11801.845909766935
35.87487781036168 11805.29696219465
35.972629521016614 11808.73437719861
36.070381231671554 11812.158273314675
36.16813294232649 11815.56870356669
36.26588465298143 11818.965721164748
36.36363636363636 11822.349379490703
36.4613880742913 11825.719732084142
36.55913978494623 11829.076832628787
36.65689149560117 11832.42073493933
36.754643206256105 11835.751492948679
36.852394916911045 11839.069160695608
36.95014662756598 11842.373902816991
37.04789833822092 11845.665995010273
37.14565004887585 11848.945491929779
37.24340175953079 11852.21244178449
37.34115347018572 11855.466892942673
37.43890518084066 11858.708893919591
37.536656891495596 11861.938493365584
37.634408602150536 11865.155740054517
37.732160312805476 11868.360682872575
37.82991202346041 11871.553370807405
37.92766373411535 11874.733852937596
38.02541544477028 11877.902309016292
38.12316715542522 11881.058971376997
38.220918866080154 11884.203885086448
38.318670576735094 11887.337093928949
38.41642228739003 11890.458641828309
38.51417399804497 11893.568572837321
38.6119257086999 11896.666931127531
38.70967741935484 11899.753760979336
38.80742913000977 11902.829106772355
38.90518084066471 11905.8930129761
39.002932551319645 11908.945524140914
39.100684261974585 11911.986757819912
39.19843597262952 11915.016967236474
39.29618768328446 11918.036205402757
39.39393939393939 11921.044512045331
39.49169110459433 11924.041927015767
39.589442815249264 11927.028490281551
39.687194525904204 11930.00424191723
39.784946236559136 11932.969222095837
39.882697947214076 11935.923471080549
39.98044965786901 11938.867029216595
40.07820136852395 11941.799936923393
40.17595307917888 11944.72223919952
40.27370478983382 11947.634155517944
40.371456500488755 11950.535815697625
40.469208211143695 11953.42725574853
40.56695992179863 11956.308511795012
40.66471163245357 11959.179620067898
40.7624633431085 11962.040616896764
40.86021505376344 11964.89153870244
40.95796676441837 11967.732421989727
41.05571847507331 11970.563303340308
41.153470185728246 11973.384219405883
41.251221896383186 11976.195206901464
41.34897360703812 11978.996317199506
41.44672531769306 11981.787772975964
41.54447702834799 11984.56966422326
41.64222873900293 11987.342023655989
41.73998044965787 11990.104884088429
41.837732160312804 11992.858278427759
41.935483870967744 11995.602239667458
42.03323558162268 11998.336800880887
42.13098729227762 12001.06199521505
42.22873900293255 12003.777855884515
42.32649071358749 12006.484416165516
42.42424242424242 12009.181709390208
42.52199413489736 12011.869771970909
42.619745845552295 12014.548789357606
42.717497556207235 12017.218877096346
42.81524926686217 12019.880064877363
42.91300097751711 12022.532382479741
43.01075268817204 12025.175859765546
43.10850439882698 12027.810526674146
43.20625610948191 12030.436413216652
43.30400782013685 12033.05354947053
43.401759530791786 12035.661965574338
43.499511241446726 12038.261691722626
43.59726295210166 12040.852758160947
43.6950146627566 12043.435195181013
43.79276637341153 12046.009078843157
43.89051808406647 12048.574601945153
43.988269794721404 12051.131806153317
44.086021505376344 12053.680718467165
44.18377321603128 12056.221365961983
44.28152492668622 12058.753775783869
44.37927663734115 12061.27797514489
44.47702834799609 12063.793991318393
44.57478005865102 12066.301851634404
44.67253176930596 12068.80158347517
44.770283479960895 12071.293214270803
44.868035190615835 12073.776771495059
44.96578690127077 12076.252282661186
45.06353861192571 12078.719836655891
45.16129032258064 12081.17960133413
45.25904203323558 12083.631606893798
45.35679374389051 12086.075877861156
45.45454545454545 12088.51243882864
45.552297165200386 12090.941314450614
45.650048875855326 12093.36252943923
45.74780058651026 12095.77610856039
45.8455522971652 12098.182076629833
45.94330400782014 12100.58045850928
46.04105571847507 12102.971279102705
46.13880742913001 12105.354563352706
46.236559139784944 12107.73033623694
46.334310850439884 12110.098650339465
46.43206256109482 12112.459675597913
46.52981427174976 12114.813455679012
46.62756598240469 12117.160012840552
46.72531769305963 12119.499369399447
46.82306940371456 12121.83154772808
46.9208211143695 12124.15657025072
47.018572825024435 12126.474459440042
47.116324535679375 12128.785237813716
47.21407624633431 12131.088927931094
47.31182795698925 12133.385552389973
47.40957966764418 12135.67513382343
47.50733137829912 12137.957694896755
47.60508308895405 12140.233258304439
47.70283479960899 12142.501924382334
47.800586510263926 12144.763817471288
47.898338220918866 12147.018958260442
47.9960899315738 12149.267366983624
48.09384164222874 12151.509063925449
48.19159335288367 12153.744069418191
48.28934506353861 12155.972403838745
48.387096774193544 12158.194087605658
48.484848484848484 12160.409141176233
48.58260019550342 12162.617585043692
48.68035190615836 12164.819439734427
48.77810361681329 12167.014725805291
48.87585532746823 12169.203463840982
48.97360703812316 12171.385674451469
49.0713587487781 12173.561452260192
49.169110459433035 12175.73091106436
49.266862170087975 12177.894069541124
49.36461388074291 12180.050946065863
49.46236559139785 12182.20155905862
49.56011730205278 12184.34592698142
49.65786901270772 12186.48406833566
49.755620723362654 12188.616001659566
49.853372434017594 12190.74174552569
49.95112414467253 12192.86131853848
50.048875855327466 12194.974739331908
50.146627565982406 12197.08202656714
50.24437927663734 12199.183198930266
50.34213098729228 12201.278275130104
50.43988269794721 12203.367298007135
50.53763440860215 12205.450403284622
50.635386119257085 12207.52762342263
50.733137829912025 12209.598975093159
50.83088954056696 12211.664475008389
50.9286412512219 12213.724139918362
51.02639296187683 12215.777986608737
51.12414467253177 12217.82603189855
51.2218963831867 12219.868292638082
51.31964809384164 12221.904785706723
51.417399804496576 12223.935528010921
51.515151515151516 12225.960536482153
51.61290322580645 12227.979828074966
51.71065493646139 12229.993419765036
51.80840664711632 12232.001328547298
51.90615835777126 12234.003614441655
52.003910068426194 12236.000393219421
52.101661779081134 12237.99168404836
52.19941348973607 12239.977502077792
52.29716520039101 12241.95786249193
52.39491691104594 12243.932780507903
52.49266862170088 12245.902271373816
52.59042033235581 12247.866350366874
52.68817204301075 12249.825032791516
52.785923753665685 12251.778333977618
52.883675464320625 12253.726269278717
52.98142717497556 12255.668854070289
53.0791788856305 12257.606103748045
53.17693059628543 12259.538033726296
53.27468230694037 12261.464659436315
53.3724340175953 12263.386017942106
53.47018572825024 12265.302226127622
53.567937438905176 12267.213310900508
53.665689149560116 12269.119286013232
53.76344086021505 12271.020165249278
53.86119257086999 12272.91596242144
53.95894428152492 12274.806691370159
54.05669599217986 12276.692365961888
54.154447702834794 12278.5730000875
54.252199413489734 12280.448607660714
54.349951124144674 12282.319202616587
54.44770283479961 12284.184798909993
54.54545454545455 12286.045410514183
54.64320625610948 12287.901051419334
54.74095796676442 12289.751735631158
54.83870967741935 12291.597477169533
54.93646138807429 12293.438345231147
55.034213098729225 12295.274424731808
55.131964809384165 12297.105728450199
55.2297165200391 12298.93226888739
55.32746823069404 12300.75405857115
55.42521994134897 12302.571110054494
55.52297165200391 12304.383435914266
55.62072336265884 12306.191048749746
55.71847507331378 12307.9939611813
55.816226783968716 12309.79218584903
55.913978494623656 12311.58573541148
56.01173020527859 12313.374622544356
56.10948191593353 12315.158859939276
56.20723362658846 12316.938460302545
56.3049853372434 12318.713436353955
56.402737047898334 12320.48380082561
56.500488758553274 12322.249610338058
56.59824046920821 12324.010950428063
56.69599217986315 12325.767833591375
56.79374389051808 12327.52027118057
56.89149560117302 12329.268274571765
56.98924731182795 12331.011855163373
57.08699902248289 12332.75102437488
57.184750733137825 12334.485793645656
57.282502443792765 12336.216174433768
57.3802541544477 12337.942178214855
57.47800586510264 12339.663816480986
57.57575757575757 12341.381100739563
57.67350928641251 12343.094042512248
57.771260997067444 12344.802653333896
57.86901270772238 12346.506944751534
57.966764418377316 12348.20692832333
58.064516129032256 12349.90262190869
58.16226783968719 12351.594116826522
58.26001955034213 12353.281447793797
58.35777126099706 12354.96462511081
58.455522971652 12356.643659099085
58.55327468230694 12358.318560100308
58.651026392961874 12359.989338475254
58.748778103616814 12361.656004602764
58.84652981427175 12363.31856887872
58.94428152492669 12364.977041715048
59.04203323558162 12366.631433538745
59.13978494623656 12368.281754790918
59.23753665689149 12369.928015925847
59.33528836754643 12371.570227410064
59.433040078201365 12373.208399721452
59.530791788856305 12374.84254334836
59.62854349951124 12376.472668788741
59.72629521016618 12378.098792842982
59.82404692082111 12379.721000698451
59.92179863147605 12381.339323618588
60.019550342130984 12382.953770960024
60.117302052785924 12384.564352098008
60.21505376344086 12386.171076425473
60.312805474095796 12387.773953352133
60.41055718475073 12389.372992303588
60.50830889540567 12390.96820272046
60.6060606060606 12392.559594057528
60.70381231671554 12394.14717578289
60.801564027370475 12395.730957377144
60.899315738025415 12397.310948332575
60.99706744868035 12398.887158152365
61.09481915933529 12400.459596349821
61.19257086999022 12402.028272447606
61.29032258064516 12403.593195976991
61.38807429130009 12405.154376477138
61.48582600195503 12406.711860938938
61.583577712609966 12408.265716087577
61.681329423264906 12409.815951065852
61.77908113391984 12411.362574382058
61.87683284457478 12412.905594560392
61.97458455522971 12414.445020140149
62.07233626588465 12415.980859674964
62.170087976539584 12417.513121732052
62.267839687194524 12419.041814891465
62.36559139784946 12420.566947745361
62.4633431085044 12422.088528897299
62.56109481915934 12423.60656696153
62.65884652981427 12425.121070562307
62.75659824046921 12426.632048333224
62.85434995112414 12428.139508916536
62.95210166177908 12429.643460962523
63.049853372434015 12431.143913128844
63.147605083088955 12432.640874079918
63.24535679374389 12434.134390839932
63.34310850439883 12435.624522200138
63.44086021505376 12437.11127611581
63.5386119257087 12438.594660316387
63.63636363636363 12440.074682545217
63.73411534701857 12441.55135055888
63.831867057673506 12443.024672126528
63.929618768328446 12444.494655029237
64.02737047898339 12445.96130705937
64.12512218963832 12447.42463601995
64.22287390029325 12448.884649724056
64.32062561094818 12450.341355994204
64.41837732160313 12451.79476266177
64.51612903225806 12453.244877566405
64.613880742913 12454.691708555465
64.71163245356793 12456.135263483446
64.80938416422288 12457.575550211448
64.90713587487781 12459.012576606625
65.00488758553274 12460.446359537693
65.10263929618768 12461.876968951115
65.20039100684262 12463.304423829331
65.29814271749756 12464.728731188054
65.39589442815249 12466.14989805545
65.49364613880742 12467.567931471565
65.59139784946237 12468.982838487751
65.6891495601173 12470.394626166104
65.78690127077223 12471.803301578911
65.88465298142717 12473.208871808112
65.98240469208211 12474.61134394477
66.08015640273705 12476.010725088545
66.17790811339198 12477.40702234718
66.27565982404691 12478.800242836001
66.37341153470186 12480.190393677423
66.47116324535679 12481.577482000457
66.56891495601172 12482.961514940242
66.66666666666666 12484.34249963757
66.7644183773216 12485.72044323843
66.86217008797654 12487.095361954722
66.95992179863147 12488.467320817248
67.05767350928642 12489.836336581662
67.15542521994135 12491.202415621756
67.25317693059628 12492.565564322227
67.35092864125122 12493.925789078174
67.44868035190616 12495.283096294603
67.5464320625611 12496.637492385955
67.64418377321603 12497.988983775631
67.74193548387096 12499.337576895521
67.83968719452591 12500.68327818556
67.93743890518084 12502.02609409326
68.03519061583577 12503.366031073292
68.1329423264907 12504.703095587038
68.23069403714565 12506.037294102165
68.32844574780059 12507.368633092214
68.42619745845552 12508.697119036187
68.52394916911045 12510.02275841814
68.6217008797654 12511.345557726785
68.71945259042033 12512.66552345511
68.81720430107526 12513.982695891595
68.9149560117302 12515.297119376497
69.01270772238514 12516.608799732556
69.11045943304008 12517.91774275507
69.20821114369501 12519.223954248659
69.30596285434994 12520.527440026864
69.40371456500489 12521.828205911712
69.50146627565982 12523.126257733315
69.59921798631476 12524.42160132947
69.69696969696969 12525.714242545255
69.79472140762464 12527.004187232651
69.89247311827957 12528.291441250152
69.9902248289345 12529.576010462388
70.08797653958943 12530.857900739764
70.18572825024438 12532.137117958087
70.28347996089931 12533.413667998217
70.38123167155425 12534.687556745706
70.47898338220918 12535.958790090466
70.57673509286413 12537.227373926422
70.67448680351906 12538.493314151176
70.77223851417399 12539.75664409503
70.86999022482892 12541.017408713104
70.96774193548387 12542.275613574577
71.0654936461388 12543.531263943982
71.16324535679374 12544.784365094043
71.26099706744868 12546.034922305313
71.35874877810362 12547.282940865816
71.45650048875855 12548.5284260707
71.55425219941348 12549.77138322188
71.65200391006843 12551.011817627717
71.74975562072336 12552.249734602667
71.8475073313783 12553.485139466955
71.94525904203323 12554.718037546263
72.04301075268818 12555.948434171396
72.14076246334311 12557.17633467798
72.23851417399804 12558.40174440615
72.33626588465297 12559.624668700248
72.43401759530792 12560.845112908526
72.53176930596285 12562.063082382852
72.62952101661779 12563.278582478422
72.72727272727272 12564.49162092126
72.82502443792767 12565.7022467495
72.9227761485826 12566.910481268384
73.02052785923753 12568.116329256301
73.11827956989247 12569.319795499012
73.21603128054741 12570.52088478932
73.31378299120234 12571.719601926769
73.41153470185728 12572.915951717348
73.50928641251221 12574.109938973175
73.60703812316716 12575.301568512217
73.70478983382209 12576.490845157989
73.80254154447702 12577.677773739273
73.90029325513196 12578.862359089842
73.9980449657869 12580.044606048177
74.09579667644184 12581.224519457193
74.19354838709677 12582.40210416398
74.2913000977517 12583.577365019539
74.38905180840665 12584.75030687851
74.48680351906158 12585.920934598935
74.58455522971651 12587.089253041995
74.68230694037145 12588.255267071767
74.7800586510264 12589.418981681427
74.87781036168133 12590.580434430272
74.97556207233626 12591.739655215975
75.07331378299119 12592.896648378859
75.17106549364614 12594.051418265733
75.26881720430107 12595.203969229635
75.366568914956 12596.354305629553
75.46432062561095 12597.502431830175
75.56207233626589 12598.648352201624
75.65982404692082 12599.792071119206
75.75757575757575 12600.93359296316
75.8553274682307 12602.072922118414
75.95307917888563 12603.210062974344
76.05083088954056 12604.34501992453
76.1485826001955 12605.477797366528
76.24633431085044 12606.608399701634
76.34408602150538 12607.736831334661
76.44183773216031 12608.863096673711
76.53958944281524 12609.98720012996
76.63734115347019 12611.109146117435
76.73509286412512 12612.228939052808
76.83284457478005 12613.34658335518
76.93059628543499 12614.462085284567
77.02834799608993 12615.575486765003
77.12609970674487 12616.686806653506
77.2238514173998 12617.79604889505
77.32160312805473 12618.903217440236
77.41935483870968 12620.00831624506
77.51710654936461 12621.111349270674
77.61485826001955 12622.212320483186
77.71260997067448 12623.31123385342
77.81036168132943 12624.408093356706
77.90811339198436 12625.502902972667
78.00586510263929 12626.595666685009
78.10361681329422 12627.686388481308
78.20136852394917 12628.775072352817
78.2991202346041 12629.861722294252
78.39687194525904 12630.946342303609
78.49462365591397 12632.02893638195
78.59237536656892 12633.109508533229
78.69012707722385 12634.188062764097
78.78787878787878 12635.26460308371
78.88563049853371 12636.339133503552
78.98338220918866 12637.411658037254
79.0811339198436 12638.482180700415
79.17888563049853 12639.550723373552
79.27663734115347 12640.617321829472
79.37438905180841 12641.681980290452
79.47214076246334 12642.744702344082
79.56989247311827 12643.805491582743
79.66764418377322 12644.86435160342
79.76539589442815 12645.921286007499
79.86314760508309 12646.976298400581
79.96089931573802 12648.029392392302
80.05865102639297 12649.080571596134
80.1564027370479 12650.129839629217
80.25415444770283 12651.177200112174
80.35190615835776 12652.22265666893
80.44965786901271 12653.266212926552
80.54740957966764 12654.30787251506
80.64516129032258 12655.347639067277
80.74291300097751 12656.385516218645
80.84066471163246 12657.421507607072
80.93841642228739 12658.45561687277
81.03616813294232 12659.487847658096
81.13391984359725 12660.518203607391
81.2316715542522 12661.546688366827
81.32942326490713 12662.573305584263
81.42717497556207 12663.598073632385
81.524926686217 12664.621027223702
81.62267839687195 12665.642170640083
81.72043010752688 12666.661507141298
81.81818181818181 12667.679039991308
81.91593352883675 12668.694772458097
82.01368523949169 12669.70870781351
82.11143695014663 12670.720849333089
82.20918866080156 12671.731200295915
82.30694037145649 12672.739763984442
82.40469208211144 12673.74654368435
82.50244379276637 12674.751542684386
82.6001955034213 12675.754764276213
82.69794721407624 12676.75621175426
82.79569892473118 12677.75588841558
82.89345063538612 12678.7537975597
82.99120234604105 12679.749942488479
83.08895405669598 12680.744326505963
83.18670576735093 12681.736952918256
83.28445747800586 12682.727825033377
83.3822091886608 12683.716946161123
83.47996089931574 12684.704319612936
83.57771260997067 12685.689948701784
83.67546432062561 12686.673836932594
83.77321603128054 12687.656013183883
83.87096774193549 12688.636498490803
83.96871945259042 12689.615295812933
84.06647116324535 12690.592408113605
84.16422287390029 12691.567838359773
84.26197458455523 12692.541589521858
84.35972629521017 12693.513664573606
84.4574780058651 12694.48406649196
84.55522971652003 12695.452798256913
84.65298142717498 12696.419862851377
84.75073313782991 12697.385263261049
84.84848484848484 12698.34900247428
84.94623655913978 12699.311083481947
85.04398826979472 12700.27150927732
85.14173998044966 12701.230282855944
85.23949169110459 12702.187407215506
85.33724340175952 12703.142885355719
85.43499511241447 12704.096720278203
85.5327468230694 12705.048914986355
85.63049853372434 12705.999472485246
85.72825024437927 12706.948395781495
85.82600195503422 12707.89568788316
85.92375366568915 12708.84135179962
86.02150537634408 12709.785390541474
86.11925708699901 12710.727817932535
86.21700879765396 12711.668665257499
86.3147605083089 12712.607936710987
86.41251221896383 12713.545634984726
86.51026392961876 12714.48176277364
86.6080156402737 12715.416322775722
86.70576735092864 12716.349317691922
86.80351906158357 12717.280750226015
86.9012707722385 12718.210623084493
86.99902248289345 12719.138938976444
87.09677419354838 12720.06570061344
87.19452590420332 12720.990910709423
87.29227761485825 12721.914571980584
87.3900293255132 12722.836687145269
87.48778103616813 12723.75725892386
87.58553274682306 12724.676290038671
87.68328445747801 12725.59378321384
87.78103616813294 12726.509741175227
87.87878787878788 12727.424166650308
87.97653958944281 12728.337062368077
88.07429130009776 12729.248431058948
88.17204301075269 12730.158275454645
88.26979472140762 12731.066598288124
88.36754643206255 12731.973402293454
88.4652981427175 12732.878690205738
88.56304985337243 12733.78247348755
88.66080156402737 12734.684781979293
88.7585532746823 12735.585620091779
88.85630498533725 12736.484990271094
88.95405669599218 12737.382894966113
89.05180840664711 12738.279336628395
89.14956011730204 12739.174317712075
89.24731182795699 12740.06784067377
89.34506353861192 12740.959907972465
89.44281524926686 12741.85052206943
89.54056695992179 12742.739685428103
89.63831867057674 12743.627400514013
89.73607038123167 12744.513669794662
89.8338220918866 12745.398495739448
89.93157380254154 12746.281880819564
90.02932551319648 12747.163827507906
90.12707722385142 12748.044338278985
90.22482893450635 12748.923415608835
90.32258064516128 12749.801061974922
90.42033235581623 12750.677279856061
90.51808406647116 12751.552071732332
90.6158357771261 12752.425440084988
90.71358748778103 12753.297387396371
90.81133919843597 12754.16791614984
90.9090909090909 12755.037028829676
91.00684261974584 12755.904727921012
91.10459433040077 12756.771030954002
91.20234604105572 12757.635960382357
91.30009775171065 12758.49951853075
91.39784946236558 12759.361707622873
91.49560117302052 12760.222529884815
91.59335288367546 12761.08198754499
91.6911045943304 12761.94008283403
91.78885630498533 12762.79681798471
91.88660801564028 12763.652195231856
91.98435972629521 12764.506216812264
92.08211143695014 12765.358884964611
92.17986314760508 12766.210201929374
92.27761485826002 12767.060169948749
92.37536656891496 12767.90879126657
92.47311827956989 12768.756068128223
92.57086999022482 12769.60200278058
92.66862170087977 12770.44659747191
92.7663734115347 12771.289854451805
92.86412512218963 12772.131775971102
92.96187683284457 12772.972364281819
93.05962854349951 12773.811621637065
93.15738025415445 12774.64955029098
93.25513196480938 12775.486152498657
93.35288367546431 12776.321430516073
93.45063538611926 12777.155386600012
93.54838709677419 12777.98802300801
93.64613880742912 12778.819345241072
93.74389051808406 12779.649380024119
93.841642228739 12780.478134464609
93.93939393939394 12781.305610582534
94.03714565004887 12782.131810400017
94.1348973607038 12782.956735941229
94.23264907135875 12783.780389232317
94.33040078201368 12784.60277230133
94.42815249266862 12785.423887178145
94.52590420332355 12786.243735894386
94.6236559139785 12787.06232048336
94.72140762463343 12787.87964297998
94.81915933528836 12788.6957054207
94.9169110459433 12789.510509843438
95.01466275659824 12790.324058287511
95.11241446725317 12791.136352793568
95.2101661779081 12791.947395403522
95.30791788856304 12792.757188160476
95.40566959921799 12793.565733108673
95.50342130987292 12794.373032293415
95.60117302052785 12795.179087761011
95.69892473118279 12795.983901558706
95.79667644183773 12796.787475734627
95.89442815249267 12797.58981233771
95.9921798631476 12798.390913417648
96.08993157380255 12799.190781024832
96.18768328445748 12799.989417210285
96.28543499511241 12800.786824766263
96.38318670576734 12801.583026243363
96.48093841642229 12802.378032806651
96.57869012707722 12803.171846291712
96.67644183773216 12803.964468535994
96.77419354838709 12804.755901378743
96.87194525904204 12805.546146660941
96.96969696969697 12806.335206225238
97.0674486803519 12807.123081915885
97.16520039100683 12807.90977557868
97.26295210166178 12808.695289060899
97.36070381231671 12809.479624211235
97.45845552297165 12810.262782879738
97.55620723362658 12811.044766917754
97.65395894428153 12811.825578177868
97.75171065493646 12812.605218513843
97.84946236559139 12813.383689780565
97.94721407624633 12814.16099383398
98.04496578690127 12814.937132531048
98.1427174975562 12815.71210772967
98.24046920821114 12816.485921288653
98.33822091886607 12817.258575067643
98.43597262952102 12818.030070927072
98.53372434017595 12818.80041072811
98.63147605083088 12819.569596332607
98.72922776148582 12820.337629603047
98.82697947214076 12821.104512402491
98.9247311827957 12821.87024659453
99.02248289345063 12822.634834796347
99.12023460410556 12823.398298101381
99.21798631476051 12824.160646636943
99.31573802541544 12824.921882071527
99.41348973607037 12825.682006075253
99.51124144672531 12826.441020319799
99.60899315738025 12827.198926478348
99.70674486803519 12827.955726225538
99.80449657869012 12828.711421237404
99.90224828934505 12829.466013191313
100.0 12830.219503765933
